[tensor([[  101,  2122,  2024,  ...,  1996,  5887, 12083],
        [  101,  2122,  2024,  ...,  1998,  1996,  5887],
        [  101,  2122,  2024,  ...,  1010,  1996,  5887],
        ...,
        [  101,  2000, 20302,  ...,  3375,  1015,  1006],
        [  101,  2000, 20302,  ...,     0,     0,     0],
        [  101,  2000, 20302,  ...,     0,     0,     0]]), tensor([[0, 0, 0,  ..., 0, 0, 0],
        [0, 0, 0,  ..., 0, 0, 0],
        [0, 0, 0,  ..., 0, 0, 0],
        ...,
        [0, 0, 0,  ..., 0, 0, 0],
        [0, 0, 0,  ..., 0, 0, 0],
        [0, 0, 0,  ..., 0, 0, 0]]), tensor([[1, 1, 1,  ..., 1, 1, 1],
        [1, 1, 1,  ..., 1, 1, 1],
        [1, 1, 1,  ..., 1, 1, 1],
        ...,
        [1, 1, 1,  ..., 1, 1, 1],
        [1, 1, 1,  ..., 0, 0, 0],
        [1, 1, 1,  ..., 0, 0, 0]]), tensor([[12,  2,  2,  ...,  2,  2, 14],
        [12,  2,  2,  ...,  2,  2,  2],
        [12,  2,  2,  ...,  2,  2,  2],
        ...,
        [12,  2,  2,  ...,  5,  5,  5],
        [12,  2,  2,  ...,  2,  2,  2],
        [12,  2,  2,  ...,  2,  2,  2]])]